ISS (ZARYA)             
1 25544U 98067A   24346.98672894  .00019985  00000+0  35072-3 0  9993
2 25544  51.6393 154.4947 0007200 331.0970 170.8608 15.50504106486123
CSS (TIANHE)            
1 48274U 21035A   24346.74172575  .00025360  00000+0  31323-3 0  9993
2 48274  41.4668  80.9466 0001693 235.6581 124.4097 15.59554521206869
ISS (NAUKA)             
1 49044U 21066A   24346.89687259  .00017131  00000+0  30198-3 0  9995
2 49044  51.6369 154.9457 0007319 329.7106  30.3460 15.50494302192153
FREGAT DEB              
1 49271U 11037PF  24345.98354080  .00016123  00000+0  34698-1 0  9993
2 49271  51.6415 197.2886 0938616 139.9264 227.4810 12.24128363156799
CSS (WENTIAN)           
1 53239U 22085A   24346.74172575  .00025360  00000+0  31323-3 0  9996
2 53239  41.4668  80.9466 0001693 235.6581 124.4097 15.59554521136330
CSS (MENGTIAN)          
1 54216U 22143A   24346.74172575  .00025360  00000+0  31323-3 0  9997
2 54216  41.4668  80.9466 0001693 235.6581 124.4097 15.59554521120104
1998-067WL              
1 59561U 98067WL  24346.81447696  .04943034  12295-4  62132-3 0  9997
2 59561  51.6034 123.2308 0007417 294.3263  65.6986 16.35129402 37254
SZ-17 MODULE            
1 59624U 23164C   24346.89991245  .00826870  44640-3  47587-3 0  9994
2 59624  41.4637  50.2246 0009111  69.9778 290.2061 16.18009956 35654
CYGNUS NG-21            
1 60378U 24139A   24346.89687259  .00017131  00000+0  30198-3 0  9992
2 60378  51.6369 154.9457 0007319 329.7106  30.3460 15.50494302 19604
PROGRESS-MS 28          
1 60450U 24145A   24346.89687259  .00017131  00000+0  30198-3 0  9990
2 60450  51.6369 154.9457 0007319 329.7106  30.3460 15.50494302 18378
1998-067WY              
1 60958U 98067WY  24346.82727832  .01746500  24971-2  15896-2 0  9995
2 60958  51.6157 140.8390 0011729 293.9918  65.9868 16.12298605 16381
SOYUZ-MS 26             
1 61043U 24162A   24346.89687259  .00017131  00000+0  30198-3 0  9998
2 61043  51.6369 154.9457 0007319 329.7106  30.3460 15.50494302485285
CREW DRAGON 9           
1 61447U 24178A   24346.89687259  .00017131  00000+0  30198-3 0  9993
2 61447  51.6369 154.9457 0007319 329.7106  30.3460 15.50494302 10681
CYSAT-1                 
1 61501U 98067WZ  24346.75398166  .00310187  00000+0  18408-2 0  9999
2 61501  51.6279 150.2155 0013176 275.5293  84.4204 15.76466647 10099
SHENZHOU-19 (SZ-19)     
1 61683U 24194A   24346.74172575  .00025360  00000+0  31323-3 0  9991
2 61683  41.4668  80.9466 0001693 235.6581 124.4097 15.59554521206835
2024-194B               
1 61684U 24194B   24327.96353995  .00465987  65563-5  48903-3 0  9998
2 61684  41.3237 193.5705 0257846 294.4302  62.9836 15.68300172  3788
DRAGON CRS-31           
1 61791U 24200A   24346.89687259  .00017131  00000+0  30198-3 0  9991
2 61791  51.6369 154.9457 0007319 329.7106  30.3460 15.50494302  5665
TIANZHOU-8              
1 61983U 24211A   24346.54961290  .00024267  00000+0  30006-3 0  9994
2 61983  41.4667  82.1137 0001682 234.9924 125.0756 15.59544297206835
PROGRESS-MS 29          
1 62030U 24215A   24346.89687259  .00017131  00000+0  30198-3 0  9994
2 62030  51.6369 154.9457 0007319 329.7106  30.3460 15.50494302  3097
2024-013E               
1 62056U 24013E   24346.64807345  .00098502  00000+0  86841-3 0  9998
2 62056  41.4690  80.1936 0008131  78.4676 281.7078 15.67595151  4667
